30 30
[157 152 144] [ 99 103  98] [197 215 235] [39 41 38] 
1 3 3 3 3 3 3 3 3 3 3 3 3 3 3 3 3 3 3 3 3 3 3 3 3 3 3 3 3 3 
3 3 3 3 3 3 3 3 3 3 3 3 3 3 3 3 3 3 3 3 3 3 3 3 3 3 3 3 3 3 
3 3 3 3 3 3 3 3 3 3 3 3 3 3 3 3 3 3 3 3 3 3 3 3 3 3 3 3 3 3 
3 3 3 3 3 3 3 3 3 3 3 3 1 3 1 3 3 3 3 3 3 3 3 3 3 3 3 3 3 3 
3 3 3 3 3 1 3 3 2 3 3 1 1 2 2 3 1 3 3 3 3 3 3 3 3 3 3 3 3 3 
3 3 1 2 2 2 2 2 2 2 2 2 2 2 2 2 2 2 3 3 3 3 2 2 2 2 1 1 1 1 
3 3 2 1 2 2 1 2 2 2 2 1 2 2 2 2 1 1 3 3 2 1 2 2 1 2 2 2 2 2 
2 1 2 2 2 2 2 2 2 2 2 1 2 2 3 2 2 2 3 2 2 2 2 2 1 1 2 2 2 1 
2 2 2 1 2 2 1 2 2 2 2 2 2 2 2 2 3 3 4 2 2 1 1 1 2 2 2 1 1 1 
2 4 4 2 2 2 2 2 2 2 2 2 2 2 2 1 2 2 2 2 1 1 1 1 1 1 1 1 1 1 
2 2 4 2 2 2 2 2 2 2 4 2 2 2 4 4 2 2 2 2 1 1 1 1 1 1 1 2 1 1 
4 4 4 2 2 2 2 4 4 4 4 4 4 4 4 3 2 2 2 1 2 2 1 1 1 1 1 1 2 2 
4 4 4 2 2 4 4 4 4 4 2 4 4 4 4 4 4 2 2 2 2 2 2 2 2 2 2 2 2 2 
2 4 4 2 4 4 4 4 4 4 4 4 4 4 4 4 2 2 4 4 2 2 2 2 2 2 2 2 1 2 
4 4 4 2 1 1 1 2 4 4 4 4 4 4 4 4 2 1 4 4 2 2 2 2 2 2 2 2 2 1 
2 2 4 1 1 1 1 2 4 4 4 4 4 4 4 1 4 2 4 2 2 2 2 2 2 2 4 4 2 2 
2 2 4 1 1 1 1 1 4 4 4 1 1 1 1 1 4 2 2 2 4 2 4 2 2 4 4 4 2 2 
2 2 4 4 1 1 1 1 1 1 1 3 4 1 1 1 1 3 4 4 4 4 4 4 4 4 4 4 2 2 
4 4 4 2 1 1 1 1 1 1 1 1 1 1 1 1 1 4 4 4 4 4 4 4 4 4 4 4 4 4 
4 4 4 4 1 1 1 1 1 1 1 1 1 4 4 2 4 4 4 2 4 4 2 2 2 2 4 4 4 4 
2 2 2 4 4 1 1 1 1 1 1 4 4 4 2 4 4 4 4 2 2 2 2 2 2 2 2 4 4 4 
1 1 1 4 2 4 1 1 1 1 2 4 4 2 1 1 4 4 4 4 4 4 4 4 4 2 2 2 2 2 
1 1 2 4 4 4 2 1 1 1 2 2 2 1 4 2 4 4 4 4 4 4 4 4 4 4 1 2 2 2 
3 3 1 2 2 1 1 1 1 1 1 1 1 1 2 4 4 4 4 4 2 4 4 4 4 4 4 2 2 1 
3 3 3 3 1 1 1 1 1 2 1 1 1 2 4 4 4 4 4 4 4 4 4 4 4 4 4 4 4 2 
3 3 1 1 1 1 2 1 1 1 1 1 3 2 2 2 4 4 4 4 4 4 4 4 4 4 4 4 1 4 
1 1 1 1 1 2 2 1 1 1 2 2 2 1 2 2 2 2 2 2 4 4 4 4 4 2 4 4 2 1 
1 1 1 1 1 1 1 1 1 1 3 3 3 1 1 1 1 1 1 1 1 1 1 1 1 1 3 3 3 3 
1 1 1 1 1 1 1 1 3 3 3 3 3 3 1 1 1 1 3 3 3 3 3 3 3 3 3 3 3 3 
1 1 1 1 1 1 1 3 3 3 3 3 3 3 3 3 3 3 3 3 3 3 3 3 3 3 3 3 3 3 
