30 30
[144 152 157] [235 215 197] [ 98 103  99] [38 41 39] 
1 2 2 2 2 2 2 2 2 2 2 2 2 2 2 2 2 2 2 2 2 2 2 2 2 2 2 2 2 2 
2 2 2 2 2 2 2 2 2 2 2 2 2 2 2 2 2 2 2 2 2 2 2 2 2 2 2 2 2 2 
2 2 2 2 2 2 2 2 2 2 2 2 2 2 2 2 2 2 2 2 2 2 2 2 2 2 2 2 2 2 
2 2 2 2 2 2 2 2 2 2 2 2 1 2 1 2 2 2 2 2 2 2 2 2 2 2 2 2 2 2 
2 2 2 2 2 1 2 2 3 2 2 1 1 3 3 2 1 2 2 2 2 2 2 2 2 2 2 2 2 2 
2 2 1 3 3 3 3 3 3 3 3 3 3 3 3 3 3 3 2 2 2 2 3 3 3 3 1 1 1 1 
2 2 3 1 3 3 1 3 3 3 3 1 3 3 3 3 1 1 2 2 3 1 3 3 1 3 3 3 3 3 
3 1 3 3 3 3 3 3 3 3 3 1 3 3 2 3 3 3 2 3 3 3 3 3 1 1 3 3 3 1 
3 3 3 1 3 3 1 3 3 3 3 3 3 3 3 3 2 2 4 3 3 1 1 1 3 3 3 1 1 1 
3 4 4 3 3 3 3 3 3 3 3 3 3 3 3 1 3 3 3 3 1 1 1 1 1 1 1 1 1 1 
3 3 4 3 3 3 3 3 3 3 4 3 3 3 4 4 3 3 3 3 1 1 1 1 1 1 1 3 1 1 
4 4 4 3 3 3 3 4 4 4 4 4 4 4 4 2 3 3 3 1 3 3 1 1 1 1 1 1 3 3 
4 4 4 3 3 4 4 4 4 4 3 4 4 4 4 4 4 3 3 3 3 3 3 3 3 3 3 3 3 3 
3 4 4 3 4 4 4 4 4 4 4 4 4 4 4 4 3 3 4 4 3 3 3 3 3 3 3 3 1 3 
4 4 4 3 1 1 1 3 4 4 4 4 4 4 4 4 3 1 4 4 3 3 3 3 3 3 3 3 3 1 
3 3 4 1 1 1 1 3 4 4 4 4 4 4 4 1 4 3 4 3 3 3 3 3 3 3 4 4 3 3 
3 3 4 1 1 1 1 1 4 4 4 1 1 1 1 1 4 3 3 3 4 3 4 3 3 4 4 4 3 3 
3 3 4 4 1 1 1 1 1 1 1 2 4 1 1 1 1 2 4 4 4 4 4 4 4 4 4 4 3 3 
4 4 4 3 1 1 1 1 1 1 1 1 1 1 1 1 1 4 4 4 4 4 4 4 4 4 4 4 4 4 
4 4 4 4 1 1 1 1 1 1 1 1 1 4 4 3 4 4 4 3 4 4 3 3 3 3 4 4 4 4 
3 3 3 4 4 1 1 1 1 1 1 4 4 4 3 4 4 4 4 3 3 3 3 3 3 3 3 4 4 4 
1 1 1 4 3 4 1 1 1 1 3 4 4 3 1 1 4 4 4 4 4 4 4 4 4 3 3 3 3 3 
1 1 3 4 4 4 3 1 1 1 3 3 3 1 4 3 4 4 4 4 4 4 4 4 4 4 1 3 3 3 
2 2 1 3 3 1 1 1 1 1 1 1 1 1 3 4 4 4 4 4 3 4 4 4 4 4 4 3 3 1 
2 2 2 2 1 1 1 1 1 3 1 1 1 3 4 4 4 4 4 4 4 4 4 4 4 4 4 4 4 3 
2 2 1 1 1 1 3 1 1 1 1 1 2 3 3 3 4 4 4 4 4 4 4 4 4 4 4 4 1 4 
1 1 1 1 1 3 3 1 1 1 3 3 3 1 3 3 3 3 3 3 4 4 4 4 4 3 4 4 3 1 
1 1 1 1 1 1 1 1 1 1 2 2 2 1 1 1 1 1 1 1 1 1 1 1 1 1 2 2 2 2 
1 1 1 1 1 1 1 1 2 2 2 2 2 2 1 1 1 1 2 2 2 2 2 2 2 2 2 2 2 2 
1 1 1 1 1 1 1 2 2 2 2 2 2 2 2 2 2 2 2 2 2 2 2 2 2 2 2 2 2 2 