30 30
[105  92  82] [254 254 254] [31 30 31] [174 162 146] 
2 2 2 2 2 2 2 2 2 2 2 2 2 2 2 2 2 2 2 2 2 2 2 2 2 2 2 2 2 2 
2 2 2 2 2 2 2 2 1 2 2 2 2 4 3 2 2 2 2 2 2 2 2 2 2 2 2 2 2 2 
2 2 2 2 2 2 1 1 1 3 1 3 3 3 1 2 2 2 2 2 2 2 2 2 2 2 2 2 2 2 
2 2 2 2 3 3 3 3 1 1 3 3 3 3 2 2 2 2 2 2 2 2 2 2 2 2 2 2 2 2 
2 2 2 3 3 3 3 3 1 3 3 3 3 3 3 2 2 2 2 2 2 2 2 2 2 2 2 2 2 2 
2 2 4 3 3 3 3 3 3 3 3 3 3 3 3 2 2 2 2 2 2 2 2 2 2 2 2 2 2 2 
2 2 3 1 3 3 3 3 3 3 3 3 3 3 3 2 2 2 2 2 2 2 2 2 2 2 2 2 2 2 
2 3 4 4 1 1 3 3 3 3 3 3 3 3 1 2 2 2 2 2 2 2 2 2 2 2 2 2 2 2 
2 4 4 4 4 4 3 3 3 3 3 3 3 3 4 2 2 2 2 2 2 2 2 2 2 2 2 2 2 2 
2 4 4 4 4 1 3 3 3 1 3 3 3 3 4 2 2 2 2 2 2 2 2 2 2 2 2 2 2 2 
3 4 4 4 4 4 1 3 3 1 4 4 4 4 4 2 2 2 2 2 2 2 2 2 2 2 2 2 2 2 
2 4 4 4 4 4 4 4 4 4 4 1 4 4 4 4 2 2 2 2 2 2 2 2 2 2 2 2 2 2 
2 1 4 4 4 4 4 4 4 2 3 4 4 1 4 4 2 2 2 2 2 2 2 2 2 2 2 2 2 2 
2 1 4 4 4 4 4 4 4 4 4 4 4 4 4 4 2 2 2 2 2 2 2 2 2 2 2 2 2 2 
2 3 4 4 4 4 4 4 4 4 4 4 4 1 2 2 2 2 2 2 2 2 2 2 2 2 2 2 2 2 
2 3 4 4 4 4 4 4 4 4 4 3 3 3 2 2 2 2 2 2 2 2 2 2 2 2 2 2 2 2 
2 3 3 4 4 4 4 4 4 1 3 3 3 1 2 2 2 2 2 2 2 2 2 2 2 2 2 2 2 2 
2 1 3 3 4 4 4 4 4 1 3 3 3 3 2 2 2 2 2 2 2 2 2 2 2 2 2 2 2 2 
2 1 3 1 4 4 4 4 4 3 3 1 1 3 2 2 2 2 2 2 2 2 2 2 2 2 2 2 2 2 
2 1 3 3 1 4 4 4 1 1 1 1 1 3 1 2 2 2 2 2 2 2 2 2 2 2 2 2 2 2 
2 1 1 1 1 4 4 4 4 4 4 4 4 3 3 3 3 3 3 2 2 2 2 2 2 2 2 2 2 2 
2 4 4 4 4 4 4 4 4 4 4 4 4 3 3 3 3 3 3 3 3 1 3 2 1 2 2 2 2 2 
2 2 4 4 4 4 4 4 4 4 4 4 1 1 3 3 3 3 3 3 3 3 3 3 3 3 3 1 2 2 
2 2 2 4 1 4 4 1 4 4 4 1 4 3 3 3 3 3 3 3 3 3 3 3 3 3 1 1 1 2 
2 2 4 4 4 4 4 1 2 4 4 4 2 2 2 2 1 3 3 3 3 3 3 3 3 3 3 3 1 1 
2 2 2 2 2 4 4 2 2 4 4 2 2 2 2 2 2 2 2 3 3 3 3 3 3 3 3 1 4 2 
2 2 2 2 4 4 4 4 2 2 2 2 2 2 2 2 2 2 2 2 2 2 2 2 2 2 2 2 2 2 
2 2 2 2 4 4 4 4 2 2 2 2 2 2 2 2 2 2 2 2 2 2 2 2 2 2 2 2 2 2 
2 2 2 2 2 1 4 4 2 2 2 2 2 2 2 2 2 2 2 2 2 2 2 2 2 2 2 2 2 2 
2 2 2 2 2 2 2 2 2 2 2 2 2 2 2 2 2 2 2 2 2 2 2 2 2 2 2 2 2 2 
